{
 "cells": [
  {
   "cell_type": "code",
   "execution_count": 1,
   "metadata": {},
   "outputs": [
    {
     "name": "stderr",
     "output_type": "stream",
     "text": [
      "numbapro:1: ImportWarning: The numbapro package is deprecated in favour of the accelerate package. Please update your code to use equivalent functions from accelerate.\n"
     ]
    }
   ],
   "source": [
    "from numbapro import guvectorize\n",
    "import numpy as np"
   ]
  },
  {
   "cell_type": "code",
   "execution_count": 2,
   "metadata": {
    "collapsed": true
   },
   "outputs": [],
   "source": [
    "@guvectorize(['void(int64[:,:],int64[:,:],int64[:,:])'], '(m,n),(n,p)->(m,p)')\n",
    "def matmul(A, B, C):\n",
    "    m, n = A.shape\n",
    "    n, p = B.shape\n",
    "    for i in range(m):\n",
    "        for j in range(p):\n",
    "            C[i, j] = 0\n",
    "            for k in range(n):\n",
    "                C[i, j] += A[i, k] * B[k, j]\n",
    "\n",
    "\n",
    "dim = 10\n",
    "A = np.random.randint(dim, size=(dim, dim))\n",
    "B = np.random.randint(dim, size=(dim, dim))\n",
    "\n",
    "C = matmul(A, B)"
   ]
  },
  {
   "cell_type": "code",
   "execution_count": 3,
   "metadata": {},
   "outputs": [
    {
     "name": "stdout",
     "output_type": "stream",
     "text": [
      "input matrix A:\n[[9 4 4 7 3 6 7 0 0 7]\n [0 4 7 0 2 2 8 7 5 5]\n [1 1 7 0 5 4 8 9 6 7]\n [7 3 7 8 2 0 5 3 6 1]\n [8 1 1 3 7 7 9 3 6 8]\n [7 9 7 2 3 3 1 8 2 1]\n [2 1 7 0 8 1 3 6 5 7]\n [8 3 8 2 6 8 6 0 6 4]\n [8 7 4 0 3 3 8 7 3 0]\n [5 8 9 8 4 7 8 7 3 4]]\ninput matrix B:\n[[6 8 7 5 0 7 4 4 5 3]\n [5 1 8 1 9 2 0 0 0 1]\n [9 5 8 0 7 8 6 4 8 4]\n [9 1 6 8 4 1 8 5 2 3]\n [6 0 3 1 9 7 1 1 5 0]\n [2 1 0 9 4 0 8 5 1 1]\n [7 3 1 7 2 4 4 7 7 1]\n [0 3 3 5 9 7 7 9 1 1]\n [3 3 2 0 3 2 1 7 8 8]\n [0 5 5 3 6 3 3 0 1 8]]\nresult matrix C = A*B:\n[[252 165 220 232 199 180 216 169 168 137]\n [170 126 158 130 235 184 161 194 176 129]\n [186 152 168 169 276 228 205 236 210 157]\n [257 149 214 157 187 189 186 202 204 140]\n [226 174 181 237 230 211 212 225 218 169]\n [205 143 232 140 263 213 178 177 145 100]\n [166 130 168 100 251 213 146 159 181 141]\n [265 173 212 191 231 218 208 204 240 159]\n [208 148 188 168 218 210 167 206 177  89]\n [326 182 286 267 343 258 294 275 231 161]]\n"
     ]
    }
   ],
   "source": [
    "print(\"input matrix A:\")\n",
    "print(A)\n",
    "print(\"input matrix B:\")\n",
    "print(B)\n",
    "print(\"result matrix C = A*B:\")\n",
    "print(C)"
   ]
  },
  {
   "cell_type": "code",
   "execution_count": 5,
   "metadata": {},
   "outputs": [
    {
     "name": "stdout",
     "output_type": "stream",
     "text": [
      "===================================Version 2====================================\nmatrix A:\n[[0.37983941 0.06237608 0.54510063 0.70222439 0.4730661  0.42359997\n  0.52517894 0.49953445 0.5972997  0.17213909]\n [0.4722598  0.80614596 0.31502114 0.55756861 0.34068162 0.45830107\n  0.57232948 0.54912753 0.97620826 0.86362018]\n [0.55772379 0.39599717 0.0304962  0.0514733  0.70660585 0.8662308\n  0.87582431 0.3333349  0.51599078 0.82499977]\n [0.28407683 0.68183472 0.62255657 0.32697835 0.68274155 0.2071924\n  0.96979512 0.01624247 0.06879704 0.26215085]\n [0.07742271 0.81009319 0.74997836 0.61639927 0.3455769  0.46495072\n  0.00786886 0.7097451  0.47001787 0.56045781]\n [0.32898546 0.81586896 0.98116987 0.54775428 0.64995463 0.63106759\n  0.06248405 0.16715187 0.03115152 0.63382168]\n [0.65361713 0.54759696 0.31605037 0.40342093 0.24111648 0.43066423\n  0.54943777 0.59010837 0.23226709 0.55481336]\n [0.63866949 0.56595866 0.69055426 0.80399248 0.15083467 0.79875414\n  0.11354159 0.01666308 0.90716922 0.87109718]\n [0.08464554 0.58955893 0.96487702 0.00975793 0.08331815 0.33313944\n  0.18336348 0.22310117 0.45790799 0.43773419]\n [0.03115745 0.42090381 0.7748261  0.74074214 0.0033176  0.50422586\n  0.04447598 0.22290912 0.9818957  0.72097124]]\nmatrix B: \n[[4.06248330e-01 6.71694223e-01 4.40657019e-01 6.19493746e-02\n  4.68956809e-01 7.73683439e-01 1.99518539e-02 7.91463506e-01\n  8.50513271e-01 4.88297873e-01]\n [3.53704484e-01 9.80909326e-01 7.64750773e-01 9.48445698e-01\n  3.50806745e-01 7.66117716e-01 3.41887598e-02 1.87744116e-02\n  7.85867135e-01 6.48201896e-01]\n [9.83155146e-02 3.39303295e-01 8.20131377e-01 5.93963404e-01\n  8.34538165e-01 3.48752621e-01 7.44576741e-01 3.78386541e-01\n  8.28085948e-01 7.86722751e-01]\n [7.36923444e-01 5.14773353e-01 2.97440195e-01 8.09621120e-01\n  6.00364579e-01 1.56517322e-03 3.69284850e-01 8.08578703e-01\n  8.21088205e-01 1.72388785e-01]\n [5.15272747e-01 7.71985892e-01 8.88980478e-02 9.19762709e-04\n  2.86936291e-01 9.78352062e-01 6.76692006e-01 5.48289503e-01\n  9.14461757e-01 4.83739868e-01]\n [2.84136965e-01 7.27701823e-01 2.89692579e-01 7.39182954e-01\n  6.87869839e-01 7.93078830e-01 8.55534443e-01 6.00791263e-01\n  7.89525174e-01 1.44286451e-01]\n [1.43439432e-01 6.37498253e-01 5.61117167e-02 6.95323387e-02\n  9.15175750e-01 6.39063588e-01 4.93450894e-01 6.66641200e-01\n  5.70376363e-02 3.38769133e-01]\n [7.97766846e-01 9.91583602e-01 4.13082296e-01 2.62641413e-02\n  7.67130159e-01 1.30821978e-01 3.36079892e-02 3.97138628e-01\n  7.19616961e-02 6.84015761e-01]\n [5.24001376e-01 1.58635238e-01 4.69808750e-01 7.85307527e-01\n  7.87528743e-02 6.64348691e-01 3.16991840e-01 1.14443032e-01\n  6.53969429e-01 2.22775233e-01]\n [3.64701977e-02 2.20985971e-02 4.27055995e-01 2.34376472e-02\n  4.94845411e-01 1.26457570e-02 6.62811015e-01 2.00683799e-01\n  7.72687248e-01 5.93886330e-02]]\nnumpy took 0.000024 seconds\nresult matrix evaluated with cublas\n[[1.90467497 2.46490451 1.62572055 1.81128489 2.49968991 2.13160554\n  1.93679873 2.24112753 2.75662754 1.72865695]\n [2.28781449 3.18169809 2.49825434 2.61253659 2.96418993 2.88755155\n  2.2828101  2.30573758 3.80512409 2.16629328]\n [1.70981245 2.96470074 1.68425851 1.60507327 2.76155227 3.08044241\n  2.43938897 2.35071704 3.23199658 1.71733986]\n [1.26708285 2.56808242 1.58056614 1.58059678 2.46182531 2.46296865\n  1.92719093 1.94985031 2.65341111 1.85753366]\n [1.9902059  2.81926909 2.37126289 2.46306912 2.60145154 2.06710968\n  1.99512009 1.7808678  3.30470573 2.11958578]\n [1.61830698 2.82166626 2.33497998 2.33556606 2.71026437 2.44950501\n  2.41343942 2.06416429 3.80153162 2.14137331]\n [1.7257121  2.7751285  1.85283831 1.64186604 2.61836123 2.20316598\n  1.67998929 2.10287872 2.7941182  1.84554811]\n [1.96139681 2.58208749 2.57599601 2.96915939 2.76894572 2.63928693\n  2.5501205  2.35102568 4.26254312 1.85249491]\n [0.94275172 1.69474648 1.89082264 1.78020517 1.90229471 1.65551289\n  1.61853355 1.04796902 2.34573641 1.61535973]\n [1.65357736 1.86858143 2.20154109 2.63072662 2.24719846 1.74010927\n  2.11766061 1.6046815  3.22603715 1.52877152]]\ncublas took 0.001635 seconds\nmaximum error 0.000000\n"
     ]
    }
   ],
   "source": [
    "import numbapro.cudalib.cublas as cublas\n",
    "import numpy as np\n",
    "from timeit import default_timer as timer\n",
    "\n",
    "dim = 10\n",
    "\n",
    "\n",
    "def gemm():\n",
    "    print(\"Version 2\".center(80, '='))\n",
    "    A = np.random.rand(dim, dim)\n",
    "    B = np.random.rand(dim, dim)\n",
    "    D = np.zeros_like(A, order='F')\n",
    "\n",
    "    print(\"matrix A:\")\n",
    "    print(A)\n",
    "    print(\"matrix B: \")\n",
    "    print(B)\n",
    "    # numpy\n",
    "    start = timer()\n",
    "    E = np.dot(A, B)\n",
    "    numpy_time = timer() - start\n",
    "    print(\"numpy took %f seconds\" % numpy_time)\n",
    "    # cublas\n",
    "    blas = cublas.Blas()\n",
    "\n",
    "    start = timer()\n",
    "    blas.gemm('T', 'T', dim, dim, dim, 1.0, A, B, 1.0, D)\n",
    "    cuda_time = timer() - start\n",
    "    print(\"result matrix evaluated with cublas\")\n",
    "    print(D)\n",
    "    print(\"cublas took %f seconds\" % cuda_time)\n",
    "    diff = np.abs(D - E)\n",
    "    print(\"maximum error %f\" % np.max(diff))\n",
    "\n",
    "if __name__ == '__main__':\n",
    "    gemm()"
   ]
  },
  {
   "cell_type": "code",
   "execution_count": 6,
   "metadata": {},
   "outputs": [],
   "source": [
    ""
   ]
  },
  {
   "cell_type": "code",
   "execution_count": null,
   "metadata": {},
   "outputs": [],
   "source": [
    ""
   ]
  },
  {
   "cell_type": "code",
   "execution_count": null,
   "metadata": {},
   "outputs": [],
   "source": [
    ""
   ]
  },
  {
   "cell_type": "code",
   "execution_count": null,
   "metadata": {},
   "outputs": [],
   "source": [
    ""
   ]
  },
  {
   "cell_type": "code",
   "execution_count": null,
   "metadata": {},
   "outputs": [],
   "source": [
    ""
   ]
  },
  {
   "cell_type": "code",
   "execution_count": null,
   "metadata": {},
   "outputs": [],
   "source": [
    ""
   ]
  }
 ],
 "metadata": {
  "kernelspec": {
   "display_name": "Python 2",
   "language": "python",
   "name": "python2"
  },
  "language_info": {
   "codemirror_mode": {
    "name": "ipython",
    "version": 2.0
   },
   "file_extension": ".py",
   "mimetype": "text/x-python",
   "name": "python",
   "nbconvert_exporter": "python",
   "pygments_lexer": "ipython2",
   "version": "2.7.6"
  }
 },
 "nbformat": 4,
 "nbformat_minor": 0
}